20
285
758
947
1273
1389
1678
1807
2095
2423
2746
3048
3198
3390
3694
3857
4193
4595
4619
5062
5121
5577
5853
5966
407
6311
6635
6727
6971
7397
7588
7800
8137
8379
8590
8862
9107
9419
9501
9729
10184
1326
10344
1266
10678
10764
11234
11506
11771
11917
12193
12378
12789
12925
13210
13393
13707
13875
14238
14513
14744
14850
15113
15546
15576
15668
14950
15892
6796
9023
16369
16420
8747
16675
3073
16922
14358
17332
17521
17664
17921
8509
18234
10266
18552
9930
18913
18988
19316
19636
19783
14860
20140
20416
4965
20571
20872
21033
11839
11493
21412
21655
21937
508
4202
4998
22141
22378
22720
16487
13237
3516
23016
11208
23096
23517
23626
2727
23855
24097
24496
24692
25078
25113
25414
25710
25948
26348
26398
26806
27069
27350
7397
17581
27455
27704
28066
25980
3840
28234
2126
28634
28730
1412
22279
12534
29124
29273
29606
2980
28667
29717
29993
18006
4217
30463
30600
28565
30946
31091
31460
4284
8569
14000
31561
31939
32115
32480
17981
32677
4148
215
2752
499
7291
515
31261
847
32368
1201
2928
4306
4079
22592
1309
21975
1584
1826
17225
32541
4533
3679
2098
14620
31779
30292
2405
2795
26070
24709
2880
3229
14502
3377
3682
3939
4566
4005
4833
5343
15565
5384
24922
19354
10017
18652
25068
16657
12267
5875
28038
20586
6101
25205
6270
6653
26772
6861
6931
4452
15453
7290
8597
7548
7712
8142
28601
13386
8333
8456
20614
6392
8712
8981
26128
27307
28495
9436
9693
9916
10178
28097
20934
10370
31235
28872
2655
10509
10993
11106
13598
6399
18974
15614
10324
4441
2559
27339
11371
5339
11709
11887
12107
12532
25983
12721
16741
13009
13082
13468
1258
23856
13807
13966
14215
14636
13365
15271
26010
15555
14523
15781
15080
2178
15889
20085
16143
7118
16529
11072
22570
10237
21845
16690
16896
14583
17248
17519
17783
30176
18236
22674
18574
18791
19114
19420
19625
25622
19731
20113
20270
5024
20722
20874
28695
18180
21186
21396
30489
22647
8301
21650
18589
23276
28182
10034
21907
13233
4929
30505
22238
22416
22982
23041
392
12801
23296
28037
23767
24052
1396
28197
24154
23667
1833
24438
13375
11095
16660
24727
25297
25463
12238
18114
588
25818
17799
26187
26519
543
26809
27026
27347
21346
12375
21161
16555
27459
28336
27784
13551
28064
28881
28950
30633
15769
29346
28242
22411
29540
13810
29811
30189
15095
30444
9411
12423
30870
24308
22980
31186
31567
31998
16587
32093
18050
32601
9342
4258
27
16899
3549
366
28995
9668
25630
2814
31296
874
1178
32357
1167
8209
12035
1477
1705
1880
2247
2386
2600
2917
3266
10948
14369
3448
29939
3703
26021
4407
2644
3777
3873
4775
5194
5595
31599
24962
13291
5785
6058
28782
17780
6181
12572
21411
13379
6552
6732
10067
7064
7249
7543
7832
8124
8243
8455
8801
9147
28734
12529
28571
30870
9673
9882
10119
10541
10799
16967
11091
10262
11303
11628
11419
15552
11960
29834
12056
12408
12766
17708
14122
26851
8878
13032
13310
13802
24755
2507
13918
14325
14616
14300
24998
23028
3767
13433
20392
15192
25919
9630
15885
26132
21702
15539
15860
14887
12360
11260
32209
11370
6024
16035
16271
20367
16387
16644
19633
14776
16945
14414
17175
4135
23776
19213
19755
13591
15241
24673
25857
20442
17448
25111
17805
12838
22548
12166
18604
18737
19178
19352
19680
19857
4181
20125
20726
20746
26185
3350
18288
25146
25980
30284
17362
6687
2576
21056
21478
19028
21515
21672
6487
5337
31671
1103
21810
4940
30518
19205
4419
25942
22086
25575
7868
12106
18451
22299
23018
21154
29628
23247
30105
12186
23507
23834
12301
386
5607
23847
14012
24156
16545
26456
23572
24411
20947
24821
25177
25401
16868
25773
29084
26126
17729
26683
1282
12806
9708
7345
26475
21200
31690
744
17700
26765
26984
27246
27417
4962
24986
22858
8429
6894
27666
27954
28706
25634
29160
10994
20946
12354
26224
24731
29212
28390
29607
29712
29994
30335
30900
29965
31045
31631
9977
10946
31898
9158
8178
7453
32179
6090
18039
5616
15191
32651
9292
4271
200
375
18259
31883
31327
849
28629
25805
30654
32400
16341
1130
31296
19434
11820
2676
1389
1706
7123
13325
1810
16996
10544
4828
11677
27479
2069
2551
2983
3110
6456
3330
8831
4604
3783
25472
2601
18904
3770
11362
12849
4084
19300
4670
5284
5412
24913
27462
24410
12818
5840
5987
2857
6248
24950
15624
28217
9412
31354
25278
1178
6615
29049
8218
6864
7043
7354
7472
17729
7874
11396
26848
8179
11847
4049
13516
16830
8429
8612
25220
21853
18477
13888
8944
26366
11811
1592
19039
8996
3200
28485
17923
9523
9869
10048
10151
26157
18651
12751
10683
11025
10342
18521
11635
25702
11287
10283
11018
12475
30991
9589
12619
13053
29993
5172
13073
13609
13996
6548
14794
14288
15934
27868
13512
30968
15295
25871
11542
6345
15527
15681
14883
16095
16246
12078
16432
16880
16991
14518
26875
27207
17307
23339
32091
9042
4685
4201
20471
21433
17488
31962
11035
22555
13447
15504
18736
18985
11808
14470
17560
19317
19497
19786
23921
31041
24055
20176
20566
24335
20891
19613
18206
21061
21266
31633
21653
21851
4943
30514
70
31531
22021
22292
22993
23275
6477
31180
18792
12282
30030
23340
24100
23672
24346
24720
28112
12440
25130
25582
27283
25721
20696
29589
20419
26507
7581
542
11908
17758
26785
26978
5567
19812
27354
27544
27863
28107
28797
6206
29057
29394
7817
28219
29555
362
31355
14221
29880
30349
30857
29987
31042
10801
27334
32142
18040
15003
8763
32576
9430
4156
196
1844
29398
13996
17003
25226
14921
1919
399
4862
17753
31870
22877
870
27147
32268
1124
31481
5386
27526
6064
1280
1711
31141
2252
2389
2914
3166
3575
4516
2788
13005
23453
17208
3681
16297
4689
16746
1844
162
14620
26555
3961
13936
4701
26792
9531
22566
5338
5429
14387
31526
12882
16917
32090
5829
16664
18756
6055
31453
28438
17283
32563
16957
6340
8508
24880
6487
13719
11931
3419
6720
6763
13542
1786
24566
7119
7178
7452
7773
8093
8375
8528
21953
4141
24829
14392
8732
11951
9196
28617
9979
10059
